Elso_derivalt_zsuly_100.0
4.9 0.0 0.5
4.8 0.0 0.5
4.7 0.0 0.5
4.6 0.0 0.5
4.5 0.0 0.5
4.4 0.0 0.5
4.3 0.0 0.5
4.2 0.0 0.5
4.1 0.0 0.5
4.0 0.0 0.45454545454545453
3.9 0.0 0.45454545454545453
3.8 0.0 0.45454545454545453
3.7 0.0 0.45454545454545453
3.6 0.0 0.45454545454545453
3.5 0.0 0.45454545454545453
3.4 0.0 0.45454545454545453
3.3 0.0 0.45454545454545453
3.2 0.0 0.45454545454545453
3.1 0.0 0.4090909090909091
3.0 0.0 0.4090909090909091
2.9 0.0 0.4090909090909091
2.8 0.0 0.3181818181818182
2.7 0.0 0.2727272727272727
2.6 0.037037037037037035 0.2727272727272727
2.5 0.037037037037037035 0.22727272727272727
2.4 0.07407407407407407 0.18181818181818182
2.3 0.07407407407407407 0.18181818181818182
2.2 0.07407407407407407 0.18181818181818182
2.1 0.07407407407407407 0.13636363636363635
2.0 0.07407407407407407 0.13636363636363635
1.9 0.07407407407407407 0.13636363636363635
1.8 0.07407407407407407 0.13636363636363635
1.7 0.07407407407407407 0.13636363636363635
1.6 0.07407407407407407 0.045454545454545456
1.5 0.1111111111111111 0.0
1.4 0.1111111111111111 0.0
1.3 0.1111111111111111 0.0
1.2 0.1111111111111111 0.0
1.1 0.14814814814814814 0.0
1.0 0.25925925925925924 0.0
0.9 0.4074074074074074 0.0
0.8 0.4444444444444444 0.0
0.7 0.5185185185185185 0.0
0.6 0.5555555555555556 0.0
0.5 0.5925925925925926 0.0
0.4 0.6666666666666666 0.0
0.3 0.7037037037037037 0.0
0.2 0.7037037037037037 0.0
0.1 0.7407407407407407 0.0
0.0 0.7777777777777778 0.0
