Elso_derivalt_zsuly_400.0
4.9 1.0 0.5
4.8 1.0 0.5
4.7 1.0 0.5
4.6 1.0 0.5
4.5 1.0 0.5
4.4 1.0 0.5
4.3 1.0 0.5
4.2 1.0 0.5
4.1 1.0 0.5
4.0 1.0 0.45454545454545453
3.9 1.0 0.45454545454545453
3.8 1.0 0.45454545454545453
3.7 1.0 0.45454545454545453
3.6 1.0 0.45454545454545453
3.5 1.0 0.45454545454545453
3.4 1.0 0.45454545454545453
3.3 1.0 0.45454545454545453
3.2 1.0 0.45454545454545453
3.1 1.0 0.4090909090909091
3.0 1.0 0.4090909090909091
2.9 1.0 0.4090909090909091
2.8 1.0 0.3181818181818182
2.7 1.0 0.2727272727272727
2.6 0.9629629629629629 0.2727272727272727
2.5 0.9629629629629629 0.22727272727272727
2.4 0.9629629629629629 0.22727272727272727
2.3 0.9259259259259259 0.18181818181818182
2.2 0.9259259259259259 0.18181818181818182
2.1 0.9259259259259259 0.13636363636363635
2.0 0.9259259259259259 0.13636363636363635
1.9 0.9259259259259259 0.13636363636363635
1.8 0.9259259259259259 0.13636363636363635
1.7 0.9259259259259259 0.13636363636363635
1.6 0.9259259259259259 0.045454545454545456
1.5 0.9259259259259259 0.0
1.4 0.8888888888888888 0.0
1.3 0.8888888888888888 0.0
1.2 0.8888888888888888 0.0
1.1 0.8518518518518519 0.0
1.0 0.7407407407407407 0.0
0.9 0.5925925925925926 0.0
0.8 0.5555555555555556 0.0
0.7 0.48148148148148145 0.0
0.6 0.4074074074074074 0.0
0.5 0.4074074074074074 0.0
0.4 0.3333333333333333 0.0
0.3 0.2962962962962963 0.0
0.2 0.2962962962962963 0.0
0.1 0.25925925925925924 0.0
0.0 0.25925925925925924 0.0
