Elso_derivaltak_normalizalt_koord_sulyokkal
2.0 0.096875 0.15966386554621848
1.9 0.10625 0.15126050420168066
1.7999999999999998 0.128125 0.15126050420168066
1.6999999999999997 0.146875 0.15126050420168066
1.5999999999999996 0.153125 0.15126050420168066
1.4999999999999996 0.1625 0.15126050420168066
1.3999999999999995 0.175 0.15126050420168066
1.2999999999999994 0.20625 0.15126050420168066
1.1999999999999993 0.21875 0.15126050420168066
1.0999999999999992 0.246875 0.15126050420168066
0.9999999999999992 0.275 0.15126050420168066
0.8999999999999992 0.321875 0.15126050420168066
0.7999999999999993 0.378125 0.15126050420168066
0.6999999999999993 0.43125 0.14285714285714285
0.5999999999999993 0.4875 0.14285714285714285
0.49999999999999933 0.55 0.14285714285714285
0.39999999999999936 0.625 0.14285714285714285
0.2999999999999994 0.696875 0.14285714285714285
0.19999999999999937 0.746875 0.14285714285714285
0.09999999999999937 0.803125 0.14285714285714285
-6.38378239159465E-16 0.853125 0.14285714285714285
