Elso_derivaltak_normalizalt_koord_sulyokkal
2.0 0.10625 0.15546218487394958
1.9 0.115625 0.15546218487394958
1.7999999999999998 0.128125 0.15546218487394958
1.6999999999999997 0.15 0.15546218487394958
1.5999999999999996 0.159375 0.15126050420168066
1.4999999999999996 0.16875 0.15126050420168066
1.3999999999999995 0.18125 0.15126050420168066
1.2999999999999994 0.20625 0.15126050420168066
1.1999999999999993 0.228125 0.15126050420168066
1.0999999999999992 0.24375 0.15126050420168066
0.9999999999999992 0.303125 0.15126050420168066
0.8999999999999992 0.3375 0.14705882352941177
0.7999999999999993 0.38125 0.14285714285714285
0.6999999999999993 0.45 0.14285714285714285
0.5999999999999993 0.50625 0.14285714285714285
0.49999999999999933 0.571875 0.14285714285714285
0.39999999999999936 0.65 0.14285714285714285
0.2999999999999994 0.7125 0.14285714285714285
0.19999999999999937 0.759375 0.14285714285714285
0.09999999999999937 0.815625 0.14285714285714285
-6.38378239159465E-16 0.85625 0.14285714285714285
