Elso_derivaltak_normalizalt_koord_sulyokkal
2.0 0.903125 0.15966386554621848
1.9 0.89375 0.15126050420168066
1.8 0.871875 0.15126050420168066
1.7 0.853125 0.15126050420168066
1.6 0.846875 0.15126050420168066
1.5 0.8375 0.15126050420168066
1.4 0.825 0.15126050420168066
1.3 0.79375 0.15126050420168066
1.2 0.78125 0.15126050420168066
1.1 0.753125 0.15126050420168066
1.0 0.725 0.15126050420168066
0.9 0.678125 0.15126050420168066
0.8 0.621875 0.15126050420168066
0.7 0.56875 0.14285714285714285
0.6 0.5125 0.14285714285714285
0.5 0.45 0.14285714285714285
0.4 0.375 0.14285714285714285
0.3 0.303125 0.14285714285714285
0.2 0.253125 0.14285714285714285
0.1 0.196875 0.14285714285714285
0.0 0.146875 0.14285714285714285
