Elso_derivalt_zsuly_1500.0
4.9 0.15625 0.5
4.8 0.15625 0.5
4.7 0.15625 0.5
4.6 0.15625 0.5
4.5 0.15625 0.5
4.4 0.15625 0.5
4.3 0.15625 0.5
4.2 0.15625 0.5
4.1 0.15625 0.5
4.0 0.15625 0.45454545454545453
3.9 0.15625 0.45454545454545453
3.8 0.15625 0.45454545454545453
3.7 0.15625 0.45454545454545453
3.6 0.15625 0.45454545454545453
3.5 0.15625 0.45454545454545453
3.4 0.15625 0.45454545454545453
3.3 0.15625 0.45454545454545453
3.2 0.15625 0.45454545454545453
3.1 0.15625 0.4090909090909091
3.0 0.15625 0.4090909090909091
2.9 0.15625 0.4090909090909091
2.8 0.15625 0.3181818181818182
2.7 0.15625 0.2727272727272727
2.6 0.1875 0.2727272727272727
2.5 0.1875 0.22727272727272727
2.4 0.1875 0.22727272727272727
2.3 0.21875 0.18181818181818182
2.2 0.21875 0.18181818181818182
2.1 0.21875 0.13636363636363635
2.0 0.21875 0.13636363636363635
1.9 0.21875 0.13636363636363635
1.8 0.21875 0.13636363636363635
1.7 0.21875 0.13636363636363635
1.6 0.21875 0.045454545454545456
1.5 0.21875 0.0
1.4 0.25 0.0
1.3 0.25 0.0
1.2 0.25 0.0
1.1 0.28125 0.0
1.0 0.375 0.0
0.9 0.5 0.0
0.8 0.53125 0.0
0.7 0.625 0.0
0.6 0.65625 0.0
0.5 0.65625 0.0
0.4 0.71875 0.0
0.3 0.75 0.0
0.2 0.75 0.0
0.1 0.78125 0.0
0.0 0.78125 0.0
