Elso_derivalt_zsuly_7.5
3.0 0.04 0.037815126050420166
2.9 0.04 0.037815126050420166
2.8 0.043333333333333335 0.03361344537815126
2.7 0.05 0.025210084033613446
2.6 0.05 0.025210084033613446
2.5 0.05333333333333334 0.02100840336134454
2.4 0.05333333333333334 0.01680672268907563
2.3 0.05333333333333334 0.01680672268907563
2.2 0.06 0.008403361344537815
2.1 0.06666666666666667 0.008403361344537815
2.0 0.08 0.008403361344537815
1.9 0.09 0.008403361344537815
1.8 0.09 0.004201680672268907
1.7 0.1 0.004201680672268907
1.6 0.11333333333333333 0.004201680672268907
1.5 0.13 0.004201680672268907
1.4 0.16333333333333333 0.004201680672268907
1.3 0.19333333333333333 0.0
1.2 0.22333333333333333 0.0
1.1 0.24666666666666667 0.0
1.0 0.27666666666666667 0.0
0.9 0.34 0.0
0.8 0.39 0.0
0.7 0.45 0.0
0.6 0.5366666666666666 0.0
0.5 0.5966666666666667 0.0
0.4 0.6766666666666666 0.0
0.3 0.7533333333333333 0.0
0.2 0.8 0.0
0.1 0.8666666666666667 0.0
0.0 0.9066666666666666 0.0
