Elso_derivalt_zsuly_10.0
3.0 0.04 0.04201680672268908
2.9 0.043333333333333335 0.037815126050420166
2.8 0.043333333333333335 0.03361344537815126
2.7 0.043333333333333335 0.029411764705882353
2.6 0.05 0.025210084033613446
2.5 0.05 0.025210084033613446
2.4 0.05333333333333334 0.02100840336134454
2.3 0.05333333333333334 0.02100840336134454
2.2 0.06 0.01680672268907563
2.1 0.06 0.012605042016806723
2.0 0.08 0.008403361344537815
1.9 0.08666666666666667 0.008403361344537815
1.8 0.09 0.004201680672268907
1.7 0.10333333333333333 0.004201680672268907
1.6 0.12333333333333334 0.004201680672268907
1.5 0.14 0.004201680672268907
1.4 0.15333333333333332 0.004201680672268907
1.3 0.18 0.0
1.2 0.22666666666666666 0.0
1.1 0.25 0.0
1.0 0.28 0.0
0.9 0.3233333333333333 0.0
0.8 0.38333333333333336 0.0
0.7 0.4633333333333333 0.0
0.6 0.5366666666666666 0.0
0.5 0.6033333333333334 0.0
0.4 0.6866666666666666 0.0
0.3 0.7466666666666667 0.0
0.2 0.79 0.0
0.1 0.87 0.0
0.0 0.9166666666666666 0.0
