Elso_derivalt_zsuly_2.5
4.0 0.034375 0.12184873949579832
3.9 0.0375 0.10504201680672269
3.8 0.0375 0.09663865546218488
3.7 0.040625 0.08403361344537816
3.6 0.04375 0.07983193277310924
3.5 0.04375 0.07983193277310924
3.4 0.04375 0.07983193277310924
3.3 0.053125 0.058823529411764705
3.2 0.0625 0.05042016806722689
3.1 0.0625 0.046218487394957986
3.0 0.06875 0.04201680672268908
2.9 0.071875 0.03361344537815126
2.8 0.071875 0.03361344537815126
2.7 0.075 0.029411764705882353
2.6 0.08125 0.029411764705882353
2.5 0.08125 0.02100840336134454
2.4 0.090625 0.012605042016806723
2.3 0.090625 0.008403361344537815
2.2 0.10625 0.008403361344537815
2.1 0.115625 0.008403361344537815
2.0 0.125 0.008403361344537815
1.9 0.13125 0.004201680672268907
1.8 0.13125 0.004201680672268907
1.7 0.15 0.004201680672268907
1.6 0.171875 0.004201680672268907
1.5 0.190625 0.004201680672268907
1.4 0.2125 0.0
1.3 0.228125 0.0
1.2 0.25625 0.0
1.1 0.28125 0.0
1.0 0.31875 0.0
0.9 0.36875 0.0
0.8 0.4125 0.0
0.7 0.48125 0.0
0.6 0.55 0.0
0.5 0.6125 0.0
0.4 0.69375 0.0
0.3 0.75625 0.0
0.2 0.8 0.0
0.1 0.859375 0.0
0.0 0.896875 0.0
