Elso_derivalt_zsuly_7.5
3.0 0.96 0.037815126050420166
2.9 0.96 0.037815126050420166
2.8 0.9566666666666667 0.03361344537815126
2.7 0.95 0.025210084033613446
2.6 0.95 0.025210084033613446
2.5 0.9466666666666667 0.02100840336134454
2.4 0.9466666666666667 0.01680672268907563
2.3 0.9466666666666667 0.01680672268907563
2.2 0.94 0.008403361344537815
2.1 0.9333333333333333 0.008403361344537815
2.0 0.92 0.008403361344537815
1.9 0.91 0.008403361344537815
1.8 0.91 0.004201680672268907
1.7 0.9 0.004201680672268907
1.6 0.8866666666666667 0.004201680672268907
1.5 0.87 0.004201680672268907
1.4 0.8366666666666667 0.004201680672268907
1.3 0.8066666666666666 0.0
1.2 0.7766666666666666 0.0
1.1 0.7533333333333333 0.0
1.0 0.7233333333333334 0.0
0.9 0.66 0.0
0.8 0.61 0.0
0.7 0.55 0.0
0.6 0.4633333333333333 0.0
0.5 0.4033333333333333 0.0
0.4 0.3233333333333333 0.0
0.3 0.24666666666666667 0.0
0.2 0.2 0.0
0.1 0.13333333333333333 0.0
0.0 0.09333333333333334 0.0
