Elso_derivalt_zsuly_0.0
3.0 0.9566666666666667 0.058823529411764705
2.9 0.9566666666666667 0.058823529411764705
2.8 0.9566666666666667 0.0546218487394958
2.7 0.9566666666666667 0.0546218487394958
2.6 0.9566666666666667 0.04201680672268908
2.5 0.9533333333333334 0.04201680672268908
2.4 0.9466666666666667 0.037815126050420166
2.3 0.94 0.037815126050420166
2.2 0.9333333333333333 0.029411764705882353
2.1 0.9233333333333333 0.025210084033613446
2.0 0.91 0.01680672268907563
1.9 0.9066666666666666 0.01680672268907563
1.8 0.8966666666666666 0.004201680672268907
1.7 0.8833333333333333 0.004201680672268907
1.6 0.87 0.0
1.5 0.86 0.0
1.4 0.8433333333333334 0.0
1.3 0.8066666666666666 0.0
1.2 0.7866666666666666 0.0
1.1 0.75 0.0
1.0 0.72 0.0
0.9 0.6866666666666666 0.0
0.8 0.6566666666666666 0.0
0.7 0.59 0.0
0.6 0.5333333333333333 0.0
0.5 0.48333333333333334 0.0
0.4 0.4166666666666667 0.0
0.3 0.32 0.0
0.2 0.27 0.0
0.1 0.21666666666666667 0.0
0.0 0.17 0.0
