Elso_derivalt_zsuly_10.0
3.0 0.96 0.04201680672268908
2.9 0.9566666666666667 0.037815126050420166
2.8 0.9566666666666667 0.03361344537815126
2.7 0.9566666666666667 0.029411764705882353
2.6 0.95 0.025210084033613446
2.5 0.95 0.025210084033613446
2.4 0.9466666666666667 0.02100840336134454
2.3 0.9466666666666667 0.02100840336134454
2.2 0.94 0.01680672268907563
2.1 0.94 0.012605042016806723
2.0 0.92 0.008403361344537815
1.9 0.9133333333333333 0.008403361344537815
1.8 0.91 0.004201680672268907
1.7 0.8966666666666666 0.004201680672268907
1.6 0.8766666666666667 0.004201680672268907
1.5 0.86 0.004201680672268907
1.4 0.8466666666666667 0.004201680672268907
1.3 0.82 0.0
1.2 0.7733333333333333 0.0
1.1 0.75 0.0
1.0 0.72 0.0
0.9 0.6766666666666666 0.0
0.8 0.6166666666666667 0.0
0.7 0.5366666666666666 0.0
0.6 0.4633333333333333 0.0
0.5 0.39666666666666667 0.0
0.4 0.31333333333333335 0.0
0.3 0.25333333333333335 0.0
0.2 0.21 0.0
0.1 0.13 0.0
0.0 0.08333333333333333 0.0
