Elso_derivalt_zsuly_0.0
3.0 0.03666666666666667 0.058823529411764705
2.9 0.043333333333333335 0.0546218487394958
2.8 0.043333333333333335 0.05042016806722689
2.7 0.043333333333333335 0.046218487394957986
2.6 0.043333333333333335 0.046218487394957986
2.5 0.04666666666666667 0.04201680672268908
2.4 0.05333333333333334 0.037815126050420166
2.3 0.06 0.037815126050420166
2.2 0.06666666666666667 0.03361344537815126
2.1 0.07333333333333333 0.029411764705882353
2.0 0.08666666666666667 0.02100840336134454
1.9 0.09333333333333334 0.012605042016806723
1.8 0.09666666666666666 0.004201680672268907
1.7 0.11666666666666667 0.004201680672268907
1.6 0.12666666666666668 0.0
1.5 0.13 0.0
1.4 0.15666666666666668 0.0
1.3 0.18666666666666668 0.0
1.2 0.21333333333333335 0.0
1.1 0.24333333333333335 0.0
1.0 0.2733333333333333 0.0
0.9 0.3 0.0
0.8 0.3466666666666667 0.0
0.7 0.41 0.0
0.6 0.4666666666666667 0.0
0.5 0.51 0.0
0.4 0.5833333333333334 0.0
0.3 0.6766666666666666 0.0
0.2 0.7366666666666667 0.0
0.1 0.7866666666666666 0.0
0.0 0.83 0.0
