Elso_derivalt_zsuly_7.5
3.0 0.04 0.037815126050420166
2.9 0.04 0.03361344537815126
2.8 0.04 0.029411764705882353
2.7 0.04666666666666667 0.025210084033613446
2.6 0.04666666666666667 0.025210084033613446
2.5 0.04666666666666667 0.02100840336134454
2.4 0.05 0.01680672268907563
2.3 0.05333333333333334 0.012605042016806723
2.2 0.06 0.012605042016806723
2.1 0.07 0.008403361344537815
2.0 0.07666666666666666 0.008403361344537815
1.9 0.09 0.008403361344537815
1.8 0.09666666666666666 0.004201680672268907
1.7 0.10333333333333333 0.004201680672268907
1.6 0.11666666666666667 0.004201680672268907
1.5 0.13 0.004201680672268907
1.4 0.14666666666666667 0.0
1.3 0.18 0.0
1.2 0.21 0.0
1.1 0.23333333333333334 0.0
1.0 0.27 0.0
0.9 0.34 0.0
0.8 0.39 0.0
0.7 0.44333333333333336 0.0
0.6 0.5266666666666666 0.0
0.5 0.6 0.0
0.4 0.6833333333333333 0.0
0.3 0.76 0.0
0.2 0.8033333333333333 0.0
0.1 0.87 0.0
0.0 0.9166666666666666 0.0
