Elso_derivalt_zsuly_2.5
3.0 0.02666666666666667 0.037815126050420166
2.9 0.04 0.03361344537815126
2.8 0.043333333333333335 0.03361344537815126
2.7 0.043333333333333335 0.029411764705882353
2.6 0.05 0.029411764705882353
2.5 0.05 0.01680672268907563
2.4 0.05 0.01680672268907563
2.3 0.05333333333333334 0.012605042016806723
2.2 0.06 0.008403361344537815
2.1 0.06333333333333334 0.008403361344537815
2.0 0.06666666666666667 0.008403361344537815
1.9 0.08666666666666667 0.004201680672268907
1.8 0.08666666666666667 0.004201680672268907
1.7 0.10666666666666667 0.004201680672268907
1.6 0.12666666666666668 0.004201680672268907
1.5 0.13666666666666666 0.004201680672268907
1.4 0.15666666666666668 0.0
1.3 0.17666666666666667 0.0
1.2 0.21 0.0
1.1 0.23 0.0
1.0 0.26666666666666666 0.0
0.9 0.3233333333333333 0.0
0.8 0.37666666666666665 0.0
0.7 0.4533333333333333 0.0
0.6 0.5166666666666667 0.0
0.5 0.5766666666666667 0.0
0.4 0.6533333333333333 0.0
0.3 0.7333333333333333 0.0
0.2 0.7933333333333333 0.0
0.1 0.8566666666666667 0.0
0.0 0.8966666666666666 0.0
