Elso_derivalt_zsuly_5.0
3.0 0.03333333333333333 0.046218487394957986
2.9 0.03333333333333333 0.04201680672268908
2.8 0.043333333333333335 0.03361344537815126
2.7 0.043333333333333335 0.029411764705882353
2.6 0.04666666666666667 0.025210084033613446
2.5 0.05333333333333334 0.025210084033613446
2.4 0.05333333333333334 0.01680672268907563
2.3 0.05333333333333334 0.012605042016806723
2.2 0.06 0.008403361344537815
2.1 0.06 0.008403361344537815
2.0 0.08 0.008403361344537815
1.9 0.08333333333333333 0.004201680672268907
1.8 0.09666666666666666 0.004201680672268907
1.7 0.10666666666666667 0.004201680672268907
1.6 0.12666666666666668 0.004201680672268907
1.5 0.14666666666666667 0.004201680672268907
1.4 0.16666666666666666 0.004201680672268907
1.3 0.18666666666666668 0.0
1.2 0.22333333333333333 0.0
1.1 0.24333333333333335 0.0
1.0 0.28 0.0
0.9 0.33666666666666667 0.0
0.8 0.38333333333333336 0.0
0.7 0.46 0.0
0.6 0.5266666666666666 0.0
0.5 0.6066666666666667 0.0
0.4 0.6833333333333333 0.0
0.3 0.75 0.0
0.2 0.8066666666666666 0.0
0.1 0.8666666666666667 0.0
0.0 0.8933333333333333 0.0
