Elso_derivalt_zsuly_12.5
3.0 0.03666666666666667 0.05042016806722689
2.9 0.03666666666666667 0.04201680672268908
2.8 0.043333333333333335 0.03361344537815126
2.7 0.043333333333333335 0.029411764705882353
2.6 0.043333333333333335 0.029411764705882353
2.5 0.04666666666666667 0.025210084033613446
2.4 0.05 0.02100840336134454
2.3 0.05333333333333334 0.01680672268907563
2.2 0.056666666666666664 0.01680672268907563
2.1 0.06333333333333334 0.012605042016806723
2.0 0.07 0.008403361344537815
1.9 0.08666666666666667 0.008403361344537815
1.8 0.09666666666666666 0.008403361344537815
1.7 0.10666666666666667 0.004201680672268907
1.6 0.11333333333333333 0.004201680672268907
1.5 0.13333333333333333 0.004201680672268907
1.4 0.15 0.004201680672268907
1.3 0.17333333333333334 0.0
1.2 0.2 0.0
1.1 0.23 0.0
1.0 0.2633333333333333 0.0
0.9 0.3233333333333333 0.0
0.8 0.3933333333333333 0.0
0.7 0.4766666666666667 0.0
0.6 0.5333333333333333 0.0
0.5 0.6133333333333333 0.0
0.4 0.69 0.0
0.3 0.7566666666666667 0.0
0.2 0.8066666666666666 0.0
0.1 0.8666666666666667 0.0
0.0 0.9133333333333333 0.0
