Elso_derivalt_zsuly_10.0
3.0 0.03666666666666667 0.05042016806722689
2.9 0.043333333333333335 0.04201680672268908
2.8 0.043333333333333335 0.037815126050420166
2.7 0.043333333333333335 0.029411764705882353
2.6 0.043333333333333335 0.025210084033613446
2.5 0.04666666666666667 0.025210084033613446
2.4 0.05333333333333334 0.02100840336134454
2.3 0.05333333333333334 0.02100840336134454
2.2 0.056666666666666664 0.01680672268907563
2.1 0.06333333333333334 0.012605042016806723
2.0 0.08333333333333333 0.008403361344537815
1.9 0.08666666666666667 0.008403361344537815
1.8 0.09666666666666666 0.004201680672268907
1.7 0.10333333333333333 0.004201680672268907
1.6 0.12333333333333334 0.004201680672268907
1.5 0.13333333333333333 0.004201680672268907
1.4 0.14666666666666667 0.0
1.3 0.17666666666666667 0.0
1.2 0.21 0.0
1.1 0.23666666666666666 0.0
1.0 0.27 0.0
0.9 0.32 0.0
0.8 0.37666666666666665 0.0
0.7 0.4633333333333333 0.0
0.6 0.5266666666666666 0.0
0.5 0.5933333333333334 0.0
0.4 0.6933333333333334 0.0
0.3 0.7533333333333333 0.0
0.2 0.8033333333333333 0.0
0.1 0.8633333333333333 0.0
0.0 0.9166666666666666 0.0
