Elso_derivalt_zsuly_2.5
3.0 0.9733333333333334 0.037815126050420166
2.9 0.96 0.03361344537815126
2.8 0.9566666666666667 0.03361344537815126
2.7 0.9566666666666667 0.029411764705882353
2.6 0.95 0.029411764705882353
2.5 0.95 0.01680672268907563
2.4 0.95 0.01680672268907563
2.3 0.9466666666666667 0.012605042016806723
2.2 0.94 0.008403361344537815
2.1 0.9366666666666666 0.008403361344537815
2.0 0.9333333333333333 0.008403361344537815
1.9 0.9133333333333333 0.004201680672268907
1.8 0.9133333333333333 0.004201680672268907
1.7 0.8933333333333333 0.004201680672268907
1.6 0.8733333333333333 0.004201680672268907
1.5 0.8633333333333333 0.004201680672268907
1.4 0.8433333333333334 0.0
1.3 0.8233333333333334 0.0
1.2 0.79 0.0
1.1 0.77 0.0
1.0 0.7333333333333333 0.0
0.9 0.6766666666666666 0.0
0.8 0.6233333333333333 0.0
0.7 0.5466666666666666 0.0
0.6 0.48333333333333334 0.0
0.5 0.42333333333333334 0.0
0.4 0.3466666666666667 0.0
0.3 0.26666666666666666 0.0
0.2 0.20666666666666667 0.0
0.1 0.14333333333333334 0.0
0.0 0.10333333333333333 0.0
