Elso_derivalt_zsuly_5.0
3.0 0.9666666666666667 0.046218487394957986
2.9 0.9666666666666667 0.04201680672268908
2.8 0.9566666666666667 0.03361344537815126
2.7 0.9566666666666667 0.029411764705882353
2.6 0.9533333333333334 0.025210084033613446
2.5 0.9466666666666667 0.025210084033613446
2.4 0.9466666666666667 0.01680672268907563
2.3 0.9466666666666667 0.012605042016806723
2.2 0.94 0.008403361344537815
2.1 0.94 0.008403361344537815
2.0 0.92 0.008403361344537815
1.9 0.9166666666666666 0.004201680672268907
1.8 0.9033333333333333 0.004201680672268907
1.7 0.8933333333333333 0.004201680672268907
1.6 0.8733333333333333 0.004201680672268907
1.5 0.8533333333333334 0.004201680672268907
1.4 0.8333333333333334 0.004201680672268907
1.3 0.8133333333333334 0.0
1.2 0.7766666666666666 0.0
1.1 0.7566666666666667 0.0
1.0 0.72 0.0
0.9 0.6633333333333333 0.0
0.8 0.6166666666666667 0.0
0.7 0.54 0.0
0.6 0.47333333333333333 0.0
0.5 0.3933333333333333 0.0
0.4 0.31666666666666665 0.0
0.3 0.25 0.0
0.2 0.19333333333333333 0.0
0.1 0.13333333333333333 0.0
0.0 0.10666666666666667 0.0
