Elso_derivalt_zsuly_12.5
3.0 0.9633333333333334 0.05042016806722689
2.9 0.9633333333333334 0.04201680672268908
2.8 0.9566666666666667 0.03361344537815126
2.7 0.9566666666666667 0.029411764705882353
2.6 0.9566666666666667 0.029411764705882353
2.5 0.9533333333333334 0.025210084033613446
2.4 0.95 0.02100840336134454
2.3 0.9466666666666667 0.01680672268907563
2.2 0.9433333333333334 0.01680672268907563
2.1 0.9366666666666666 0.012605042016806723
2.0 0.93 0.008403361344537815
1.9 0.9133333333333333 0.008403361344537815
1.8 0.9033333333333333 0.008403361344537815
1.7 0.8933333333333333 0.004201680672268907
1.6 0.8866666666666667 0.004201680672268907
1.5 0.8666666666666667 0.004201680672268907
1.4 0.85 0.004201680672268907
1.3 0.8266666666666667 0.0
1.2 0.8 0.0
1.1 0.77 0.0
1.0 0.7366666666666667 0.0
0.9 0.6766666666666666 0.0
0.8 0.6066666666666667 0.0
0.7 0.5233333333333333 0.0
0.6 0.4666666666666667 0.0
0.5 0.38666666666666666 0.0
0.4 0.31 0.0
0.3 0.24333333333333335 0.0
0.2 0.19333333333333333 0.0
0.1 0.13333333333333333 0.0
0.0 0.08666666666666667 0.0
