Elso_derivalt_zsuly_0.0
3.0 0.9633333333333334 0.058823529411764705
2.9 0.9566666666666667 0.0546218487394958
2.8 0.9566666666666667 0.05042016806722689
2.7 0.9566666666666667 0.046218487394957986
2.6 0.9566666666666667 0.046218487394957986
2.5 0.9533333333333334 0.04201680672268908
2.4 0.9466666666666667 0.037815126050420166
2.3 0.94 0.037815126050420166
2.2 0.9333333333333333 0.03361344537815126
2.1 0.9266666666666666 0.029411764705882353
2.0 0.9133333333333333 0.02100840336134454
1.9 0.9066666666666666 0.012605042016806723
1.8 0.9033333333333333 0.004201680672268907
1.7 0.8833333333333333 0.004201680672268907
1.6 0.8733333333333333 0.0
1.5 0.87 0.0
1.4 0.8433333333333334 0.0
1.3 0.8133333333333334 0.0
1.2 0.7866666666666666 0.0
1.1 0.7566666666666667 0.0
1.0 0.7266666666666667 0.0
0.9 0.7 0.0
0.8 0.6533333333333333 0.0
0.7 0.59 0.0
0.6 0.5333333333333333 0.0
0.5 0.49 0.0
0.4 0.4166666666666667 0.0
0.3 0.3233333333333333 0.0
0.2 0.2633333333333333 0.0
0.1 0.21333333333333335 0.0
0.0 0.17 0.0
