Elso_derivalt_zsuly_7.5
3.0 0.96 0.037815126050420166
2.9 0.96 0.03361344537815126
2.8 0.96 0.029411764705882353
2.7 0.9533333333333334 0.025210084033613446
2.6 0.9533333333333334 0.025210084033613446
2.5 0.9533333333333334 0.02100840336134454
2.4 0.95 0.01680672268907563
2.3 0.9466666666666667 0.012605042016806723
2.2 0.94 0.012605042016806723
2.1 0.93 0.008403361344537815
2.0 0.9233333333333333 0.008403361344537815
1.9 0.91 0.008403361344537815
1.8 0.9033333333333333 0.004201680672268907
1.7 0.8966666666666666 0.004201680672268907
1.6 0.8833333333333333 0.004201680672268907
1.5 0.87 0.004201680672268907
1.4 0.8533333333333334 0.0
1.3 0.82 0.0
1.2 0.79 0.0
1.1 0.7666666666666667 0.0
1.0 0.73 0.0
0.9 0.66 0.0
0.8 0.61 0.0
0.7 0.5566666666666666 0.0
0.6 0.47333333333333333 0.0
0.5 0.4 0.0
0.4 0.31666666666666665 0.0
0.3 0.24 0.0
0.2 0.19666666666666666 0.0
0.1 0.13 0.0
0.0 0.08333333333333333 0.0
