Elso_derivalt_zsuly_10.0
3.0 0.9633333333333334 0.05042016806722689
2.9 0.9566666666666667 0.04201680672268908
2.8 0.9566666666666667 0.037815126050420166
2.7 0.9566666666666667 0.029411764705882353
2.6 0.9566666666666667 0.025210084033613446
2.5 0.9533333333333334 0.025210084033613446
2.4 0.9466666666666667 0.02100840336134454
2.3 0.9466666666666667 0.02100840336134454
2.2 0.9433333333333334 0.01680672268907563
2.1 0.9366666666666666 0.012605042016806723
2.0 0.9166666666666666 0.008403361344537815
1.9 0.9133333333333333 0.008403361344537815
1.8 0.9033333333333333 0.004201680672268907
1.7 0.8966666666666666 0.004201680672268907
1.6 0.8766666666666667 0.004201680672268907
1.5 0.8666666666666667 0.004201680672268907
1.4 0.8533333333333334 0.0
1.3 0.8233333333333334 0.0
1.2 0.79 0.0
1.1 0.7633333333333333 0.0
1.0 0.73 0.0
0.9 0.68 0.0
0.8 0.6233333333333333 0.0
0.7 0.5366666666666666 0.0
0.6 0.47333333333333333 0.0
0.5 0.4066666666666667 0.0
0.4 0.30666666666666664 0.0
0.3 0.24666666666666667 0.0
0.2 0.19666666666666666 0.0
0.1 0.13666666666666666 0.0
0.0 0.08333333333333333 0.0
