Elso_derivalt_suly_1.0
5.0 0.15625 0.6363636363636364
4.9 0.15625 0.6363636363636364
4.8 0.15625 0.6363636363636364
4.7 0.15625 0.6363636363636364
4.6 0.15625 0.6363636363636364
4.5 0.15625 0.5909090909090909
4.4 0.15625 0.5909090909090909
4.3 0.15625 0.5909090909090909
4.2 0.15625 0.5909090909090909
4.1 0.15625 0.5909090909090909
4.0 0.15625 0.5909090909090909
3.9 0.15625 0.5909090909090909
3.8 0.15625 0.5909090909090909
3.7 0.15625 0.5454545454545454
3.6 0.15625 0.5454545454545454
3.5 0.15625 0.5454545454545454
3.4 0.15625 0.4090909090909091
3.3 0.15625 0.4090909090909091
3.2 0.15625 0.4090909090909091
3.1 0.15625 0.4090909090909091
3.0 0.15625 0.36363636363636365
2.9 0.1875 0.3181818181818182
2.8 0.21875 0.3181818181818182
2.7 0.21875 0.3181818181818182
2.6 0.21875 0.2727272727272727
2.5 0.21875 0.22727272727272727
2.4 0.21875 0.18181818181818182
2.3 0.21875 0.18181818181818182
2.2 0.21875 0.18181818181818182
2.1 0.21875 0.13636363636363635
2.0 0.21875 0.13636363636363635
1.9 0.21875 0.13636363636363635
1.8 0.25 0.13636363636363635
1.7 0.25 0.13636363636363635
1.6 0.25 0.13636363636363635
1.5 0.25 0.13636363636363635
1.4 0.25 0.13636363636363635
1.3 0.28125 0.13636363636363635
1.2 0.3125 0.13636363636363635
1.1 0.3125 0.13636363636363635
1.0 0.34375 0.13636363636363635
0.9 0.375 0.09090909090909091
0.8 0.40625 0.045454545454545456
0.7 0.46875 0.045454545454545456
0.6 0.46875 0.045454545454545456
0.5 0.5625 0.045454545454545456
0.4 0.59375 0.045454545454545456
0.3 0.65625 0.045454545454545456
0.2 0.6875 0.045454545454545456
0.1 0.71875 0.045454545454545456
0.0 0.78125 0.045454545454545456
