Elso_derivalt_zsuly_0.0
3.0 0.03333333333333333 0.07142857142857142
2.9 0.03666666666666667 0.06302521008403361
2.8 0.03666666666666667 0.06302521008403361
2.7 0.04 0.06302521008403361
2.6 0.04 0.0546218487394958
2.5 0.043333333333333335 0.05042016806722689
2.4 0.056666666666666664 0.046218487394957986
2.3 0.056666666666666664 0.046218487394957986
2.2 0.06666666666666667 0.037815126050420166
2.1 0.08333333333333333 0.037815126050420166
2.0 0.10333333333333333 0.029411764705882353
1.9 0.12333333333333334 0.02100840336134454
1.8 0.12666666666666668 0.01680672268907563
1.7 0.13333333333333333 0.01680672268907563
1.6 0.14 0.012605042016806723
1.5 0.15 0.008403361344537815
1.4 0.15666666666666668 0.0
1.3 0.18333333333333332 0.0
1.2 0.21 0.0
1.1 0.24666666666666667 0.0
1.0 0.27666666666666667 0.0
0.9 0.31333333333333335 0.0
0.8 0.36333333333333334 0.0
0.7 0.41 0.0
0.6 0.4666666666666667 0.0
0.5 0.5233333333333333 0.0
0.4 0.5733333333333334 0.0
0.3 0.6566666666666666 0.0
0.2 0.73 0.0
0.1 0.7566666666666667 0.0
0.0 0.7833333333333333 0.0
