Elso_derivalt_zsuly_10.0
3.0 0.02 0.0546218487394958
2.9 0.023333333333333334 0.05042016806722689
2.8 0.03 0.046218487394957986
2.7 0.03 0.04201680672268908
2.6 0.03333333333333333 0.04201680672268908
2.5 0.03666666666666667 0.03361344537815126
2.4 0.043333333333333335 0.025210084033613446
2.3 0.05 0.025210084033613446
2.2 0.056666666666666664 0.025210084033613446
2.1 0.06 0.012605042016806723
2.0 0.06666666666666667 0.012605042016806723
1.9 0.08666666666666667 0.012605042016806723
1.8 0.1 0.004201680672268907
1.7 0.11 0.004201680672268907
1.6 0.13666666666666666 0.004201680672268907
1.5 0.15 0.004201680672268907
1.4 0.16 0.004201680672268907
1.3 0.18 0.004201680672268907
1.2 0.22 0.0
1.1 0.25 0.0
1.0 0.3 0.0
0.9 0.3433333333333333 0.0
0.8 0.4033333333333333 0.0
0.7 0.44333333333333336 0.0
0.6 0.5133333333333333 0.0
0.5 0.5866666666666667 0.0
0.4 0.6533333333333333 0.0
0.3 0.74 0.0
0.2 0.8066666666666666 0.0
0.1 0.8466666666666667 0.0
0.0 0.8933333333333333 0.0
