Elso_derivalt_zsuly_20.0
3.0 0.016666666666666666 0.0546218487394958
2.9 0.02 0.0546218487394958
2.8 0.023333333333333334 0.04201680672268908
2.7 0.03 0.04201680672268908
2.6 0.03333333333333333 0.04201680672268908
2.5 0.03666666666666667 0.03361344537815126
2.4 0.043333333333333335 0.03361344537815126
2.3 0.05 0.025210084033613446
2.2 0.05333333333333334 0.025210084033613446
2.1 0.056666666666666664 0.01680672268907563
2.0 0.06 0.01680672268907563
1.9 0.06666666666666667 0.012605042016806723
1.8 0.08666666666666667 0.008403361344537815
1.7 0.11333333333333333 0.004201680672268907
1.6 0.13 0.004201680672268907
1.5 0.14666666666666667 0.004201680672268907
1.4 0.15666666666666668 0.004201680672268907
1.3 0.17666666666666667 0.004201680672268907
1.2 0.20666666666666667 0.004201680672268907
1.1 0.24333333333333335 0.0
1.0 0.29 0.0
0.9 0.34 0.0
0.8 0.3933333333333333 0.0
0.7 0.4533333333333333 0.0
0.6 0.5233333333333333 0.0
0.5 0.59 0.0
0.4 0.6633333333333333 0.0
0.3 0.7433333333333333 0.0
0.2 0.8133333333333334 0.0
0.1 0.8666666666666667 0.0
0.0 0.9066666666666666 0.0
