Elso_derivalt_zsuly_5.0
3.0 0.02 0.046218487394957986
2.9 0.03 0.04201680672268908
2.8 0.03333333333333333 0.04201680672268908
2.7 0.03333333333333333 0.03361344537815126
2.6 0.03666666666666667 0.029411764705882353
2.5 0.03666666666666667 0.029411764705882353
2.4 0.04 0.029411764705882353
2.3 0.05 0.02100840336134454
2.2 0.056666666666666664 0.012605042016806723
2.1 0.06666666666666667 0.012605042016806723
2.0 0.07333333333333333 0.008403361344537815
1.9 0.09 0.004201680672268907
1.8 0.10333333333333333 0.004201680672268907
1.7 0.11666666666666667 0.004201680672268907
1.6 0.13 0.004201680672268907
1.5 0.15666666666666668 0.004201680672268907
1.4 0.16333333333333333 0.004201680672268907
1.3 0.19333333333333333 0.004201680672268907
1.2 0.22333333333333333 0.0
1.1 0.24666666666666667 0.0
1.0 0.31 0.0
0.9 0.3333333333333333 0.0
0.8 0.41 0.0
0.7 0.45 0.0
0.6 0.52 0.0
0.5 0.5766666666666667 0.0
0.4 0.6733333333333333 0.0
0.3 0.7233333333333334 0.0
0.2 0.7966666666666666 0.0
0.1 0.8466666666666667 0.0
0.0 0.8866666666666667 0.0
