Elso_derivalt_zsuly_2.5
3.0 0.03 0.046218487394957986
2.9 0.03333333333333333 0.04201680672268908
2.8 0.03333333333333333 0.04201680672268908
2.7 0.03333333333333333 0.03361344537815126
2.6 0.03666666666666667 0.029411764705882353
2.5 0.03666666666666667 0.025210084033613446
2.4 0.03666666666666667 0.025210084033613446
2.3 0.05 0.02100840336134454
2.2 0.06 0.01680672268907563
2.1 0.06 0.008403361344537815
2.0 0.06666666666666667 0.008403361344537815
1.9 0.09333333333333334 0.004201680672268907
1.8 0.10666666666666667 0.004201680672268907
1.7 0.12 0.004201680672268907
1.6 0.13333333333333333 0.004201680672268907
1.5 0.16 0.004201680672268907
1.4 0.16666666666666666 0.004201680672268907
1.3 0.19 0.0
1.2 0.20666666666666667 0.0
1.1 0.24333333333333335 0.0
1.0 0.30333333333333334 0.0
0.9 0.3333333333333333 0.0
0.8 0.3933333333333333 0.0
0.7 0.4666666666666667 0.0
0.6 0.5133333333333333 0.0
0.5 0.57 0.0
0.4 0.66 0.0
0.3 0.71 0.0
0.2 0.7833333333333333 0.0
0.1 0.8433333333333334 0.0
0.0 0.8833333333333333 0.0
