Elso_derivalt_zsuly_10.0
3.0 0.98 0.0546218487394958
2.9 0.9766666666666667 0.05042016806722689
2.8 0.97 0.046218487394957986
2.7 0.97 0.04201680672268908
2.6 0.9666666666666667 0.04201680672268908
2.5 0.9633333333333334 0.03361344537815126
2.4 0.9566666666666667 0.025210084033613446
2.3 0.95 0.025210084033613446
2.2 0.9433333333333334 0.025210084033613446
2.1 0.94 0.012605042016806723
2.0 0.9333333333333333 0.012605042016806723
1.9 0.9133333333333333 0.012605042016806723
1.8 0.9 0.004201680672268907
1.7 0.89 0.004201680672268907
1.6 0.8633333333333333 0.004201680672268907
1.5 0.85 0.004201680672268907
1.4 0.84 0.004201680672268907
1.3 0.82 0.004201680672268907
1.2 0.78 0.0
1.1 0.75 0.0
1.0 0.7 0.0
0.9 0.6566666666666666 0.0
0.8 0.5966666666666667 0.0
0.7 0.5566666666666666 0.0
0.6 0.4866666666666667 0.0
0.5 0.41333333333333333 0.0
0.4 0.3466666666666667 0.0
0.3 0.26 0.0
0.2 0.19333333333333333 0.0
0.1 0.15333333333333332 0.0
0.0 0.10666666666666667 0.0
