Elso_derivalt_zsuly_20.0
3.0 0.9833333333333333 0.0546218487394958
2.9 0.98 0.0546218487394958
2.8 0.9766666666666667 0.04201680672268908
2.7 0.97 0.04201680672268908
2.6 0.9666666666666667 0.04201680672268908
2.5 0.9633333333333334 0.03361344537815126
2.4 0.9566666666666667 0.03361344537815126
2.3 0.95 0.025210084033613446
2.2 0.9466666666666667 0.025210084033613446
2.1 0.9433333333333334 0.01680672268907563
2.0 0.94 0.01680672268907563
1.9 0.9333333333333333 0.012605042016806723
1.8 0.9133333333333333 0.008403361344537815
1.7 0.8866666666666667 0.004201680672268907
1.6 0.87 0.004201680672268907
1.5 0.8533333333333334 0.004201680672268907
1.4 0.8433333333333334 0.004201680672268907
1.3 0.8233333333333334 0.004201680672268907
1.2 0.7933333333333333 0.004201680672268907
1.1 0.7566666666666667 0.0
1.0 0.71 0.0
0.9 0.66 0.0
0.8 0.6066666666666667 0.0
0.7 0.5466666666666666 0.0
0.6 0.4766666666666667 0.0
0.5 0.41 0.0
0.4 0.33666666666666667 0.0
0.3 0.25666666666666665 0.0
0.2 0.18666666666666668 0.0
0.1 0.13333333333333333 0.0
0.0 0.09333333333333334 0.0
