Elso_derivalt_zsuly_2.5
3.0 0.97 0.046218487394957986
2.9 0.9666666666666667 0.04201680672268908
2.8 0.9666666666666667 0.04201680672268908
2.7 0.9666666666666667 0.03361344537815126
2.6 0.9633333333333334 0.029411764705882353
2.5 0.9633333333333334 0.025210084033613446
2.4 0.9633333333333334 0.025210084033613446
2.3 0.95 0.02100840336134454
2.2 0.94 0.01680672268907563
2.1 0.94 0.008403361344537815
2.0 0.9333333333333333 0.008403361344537815
1.9 0.9066666666666666 0.004201680672268907
1.8 0.8933333333333333 0.004201680672268907
1.7 0.88 0.004201680672268907
1.6 0.8666666666666667 0.004201680672268907
1.5 0.84 0.004201680672268907
1.4 0.8333333333333334 0.004201680672268907
1.3 0.81 0.0
1.2 0.7933333333333333 0.0
1.1 0.7566666666666667 0.0
1.0 0.6966666666666667 0.0
0.9 0.6666666666666666 0.0
0.8 0.6066666666666667 0.0
0.7 0.5333333333333333 0.0
0.6 0.4866666666666667 0.0
0.5 0.43 0.0
0.4 0.34 0.0
0.3 0.29 0.0
0.2 0.21666666666666667 0.0
0.1 0.15666666666666668 0.0
0.0 0.11666666666666667 0.0
