Elso_derivalt_zsuly_0.0
3.0 0.9666666666666667 0.07142857142857142
2.9 0.9633333333333334 0.06302521008403361
2.8 0.9633333333333334 0.06302521008403361
2.7 0.96 0.06302521008403361
2.6 0.96 0.0546218487394958
2.5 0.9566666666666667 0.05042016806722689
2.4 0.9433333333333334 0.046218487394957986
2.3 0.9433333333333334 0.046218487394957986
2.2 0.9333333333333333 0.037815126050420166
2.1 0.9166666666666666 0.037815126050420166
2.0 0.8966666666666666 0.029411764705882353
1.9 0.8766666666666667 0.02100840336134454
1.8 0.8733333333333333 0.01680672268907563
1.7 0.8666666666666667 0.01680672268907563
1.6 0.86 0.012605042016806723
1.5 0.85 0.008403361344537815
1.4 0.8433333333333334 0.0
1.3 0.8166666666666667 0.0
1.2 0.79 0.0
1.1 0.7533333333333333 0.0
1.0 0.7233333333333334 0.0
0.9 0.6866666666666666 0.0
0.8 0.6366666666666667 0.0
0.7 0.59 0.0
0.6 0.5333333333333333 0.0
0.5 0.4766666666666667 0.0
0.4 0.4266666666666667 0.0
0.3 0.3433333333333333 0.0
0.2 0.27 0.0
0.1 0.24333333333333335 0.0
0.0 0.21666666666666667 0.0
