Elso_derivalt_zsuly_5.0
3.0 0.98 0.046218487394957986
2.9 0.97 0.04201680672268908
2.8 0.9666666666666667 0.04201680672268908
2.7 0.9666666666666667 0.03361344537815126
2.6 0.9633333333333334 0.029411764705882353
2.5 0.9633333333333334 0.029411764705882353
2.4 0.96 0.029411764705882353
2.3 0.95 0.02100840336134454
2.2 0.9433333333333334 0.012605042016806723
2.1 0.9333333333333333 0.012605042016806723
2.0 0.9266666666666666 0.008403361344537815
1.9 0.91 0.004201680672268907
1.8 0.8966666666666666 0.004201680672268907
1.7 0.8833333333333333 0.004201680672268907
1.6 0.87 0.004201680672268907
1.5 0.8433333333333334 0.004201680672268907
1.4 0.8366666666666667 0.004201680672268907
1.3 0.8066666666666666 0.004201680672268907
1.2 0.7766666666666666 0.0
1.1 0.7533333333333333 0.0
1.0 0.69 0.0
0.9 0.6666666666666666 0.0
0.8 0.59 0.0
0.7 0.55 0.0
0.6 0.48 0.0
0.5 0.42333333333333334 0.0
0.4 0.32666666666666666 0.0
0.3 0.27666666666666667 0.0
0.2 0.20333333333333334 0.0
0.1 0.15333333333333332 0.0
0.0 0.11333333333333333 0.0
