Elso_derivaltak_suly_0.0
2.0 0.090625 0.2857142857142857
1.9 0.1 0.25630252100840334
1.8 0.109375 0.24789915966386555
1.7 0.1125 0.23949579831932774
1.6 0.1375 0.226890756302521
1.5 0.153125 0.21428571428571427
1.4 0.159375 0.20168067226890757
1.3 0.171875 0.20168067226890757
1.2 0.1875 0.20168067226890757
1.1 0.20625 0.19747899159663865
1.0 0.234375 0.19747899159663865
0.9 0.28125 0.18907563025210083
0.8 0.33125 0.18907563025210083
0.7 0.390625 0.18487394957983194
0.6 0.471875 0.18487394957983194
0.5 0.546875 0.17647058823529413
0.4 0.628125 0.1722689075630252
0.3 0.703125 0.16806722689075632
0.2 0.78125 0.15966386554621848
0.1 0.85 0.15546218487394958
0.0 0.8625 0.15126050420168066
