Elso_derivaltak_suly_1.0
2.0 0.10625 0.15546218487394958
1.9 0.115625 0.15546218487394958
1.8 0.128125 0.15546218487394958
1.7 0.15 0.15546218487394958
1.6 0.159375 0.15126050420168066
1.5 0.16875 0.15126050420168066
1.4 0.18125 0.15126050420168066
1.3 0.20625 0.15126050420168066
1.2 0.228125 0.15126050420168066
1.1 0.24375 0.15126050420168066
1.0 0.303125 0.15126050420168066
0.9 0.3375 0.14705882352941177
0.8 0.38125 0.14285714285714285
0.7 0.45 0.14285714285714285
0.6 0.50625 0.14285714285714285
0.5 0.571875 0.14285714285714285
0.4 0.65 0.14285714285714285
0.3 0.7125 0.14285714285714285
0.2 0.759375 0.14285714285714285
0.1 0.815625 0.14285714285714285
0.0 0.85625 0.14285714285714285
