Elso_derivaltak_suly_0.8
2.0 0.10625 0.15546218487394958
1.9 0.11875 0.15546218487394958
1.8 0.13125 0.15546218487394958
1.7 0.140625 0.15546218487394958
1.6 0.15 0.15126050420168066
1.5 0.16875 0.15126050420168066
1.4 0.184375 0.15126050420168066
1.3 0.2 0.15126050420168066
1.2 0.228125 0.15126050420168066
1.1 0.25625 0.15126050420168066
1.0 0.290625 0.15126050420168066
0.9 0.33125 0.15126050420168066
0.8 0.38125 0.14285714285714285
0.7 0.440625 0.14285714285714285
0.6 0.5125 0.14285714285714285
0.5 0.565625 0.14285714285714285
0.4 0.646875 0.14285714285714285
0.3 0.709375 0.14285714285714285
0.2 0.759375 0.14285714285714285
0.1 0.81875 0.14285714285714285
0.0 0.859375 0.14285714285714285
