Elso_derivaltak_suly_0.5
2.0 0.11875 0.15546218487394958
1.9 0.121875 0.15546218487394958
1.8 0.134375 0.15546218487394958
1.7 0.140625 0.15126050420168066
1.6 0.15 0.15126050420168066
1.5 0.16875 0.15126050420168066
1.4 0.1875 0.15126050420168066
1.3 0.203125 0.15126050420168066
1.2 0.228125 0.15126050420168066
1.1 0.24375 0.15126050420168066
1.0 0.28125 0.15126050420168066
0.9 0.33125 0.15126050420168066
0.8 0.390625 0.14705882352941177
0.7 0.434375 0.14285714285714285
0.6 0.509375 0.14285714285714285
0.5 0.55625 0.14285714285714285
0.4 0.6375 0.14285714285714285
0.3 0.71875 0.14285714285714285
0.2 0.76875 0.14285714285714285
0.1 0.8125 0.14285714285714285
0.0 0.853125 0.14285714285714285
