Elso_derivaltak_suly_0.4
2.0 0.10625 0.15546218487394958
1.9 0.121875 0.15546218487394958
1.8 0.13125 0.15546218487394958
1.7 0.140625 0.15126050420168066
1.6 0.159375 0.15126050420168066
1.5 0.175 0.15126050420168066
1.4 0.190625 0.15126050420168066
1.3 0.2125 0.15126050420168066
1.2 0.240625 0.15126050420168066
1.1 0.246875 0.15126050420168066
1.0 0.296875 0.15126050420168066
0.9 0.35 0.15126050420168066
0.8 0.3875 0.14285714285714285
0.7 0.446875 0.14285714285714285
0.6 0.5125 0.14285714285714285
0.5 0.559375 0.14285714285714285
0.4 0.646875 0.14285714285714285
0.3 0.7125 0.14285714285714285
0.2 0.765625 0.14285714285714285
0.1 0.803125 0.14285714285714285
0.0 0.859375 0.14285714285714285
