Elso_derivaltak_suly_0.3
2.0 0.10625 0.15546218487394958
1.9 0.11875 0.15126050420168066
1.8 0.125 0.15126050420168066
1.7 0.146875 0.15126050420168066
1.6 0.15625 0.15126050420168066
1.5 0.16875 0.15126050420168066
1.4 0.196875 0.15126050420168066
1.3 0.20625 0.15126050420168066
1.2 0.23125 0.15126050420168066
1.1 0.25 0.15126050420168066
1.0 0.290625 0.15126050420168066
0.9 0.33125 0.14705882352941177
0.8 0.403125 0.14285714285714285
0.7 0.44375 0.14285714285714285
0.6 0.496875 0.14285714285714285
0.5 0.565625 0.14285714285714285
0.4 0.628125 0.14285714285714285
0.3 0.69375 0.14285714285714285
0.2 0.746875 0.14285714285714285
0.1 0.8125 0.14285714285714285
0.0 0.853125 0.14285714285714285
