Elso_derivaltak_suly_0.5
2.0 0.88125 0.15546218487394958
1.9 0.878125 0.15546218487394958
1.8 0.865625 0.15546218487394958
1.7 0.859375 0.15126050420168066
1.6 0.85 0.15126050420168066
1.5 0.83125 0.15126050420168066
1.4 0.8125 0.15126050420168066
1.3 0.796875 0.15126050420168066
1.2 0.771875 0.15126050420168066
1.1 0.75625 0.15126050420168066
1.0 0.71875 0.15126050420168066
0.9 0.66875 0.15126050420168066
0.8 0.609375 0.14705882352941177
0.7 0.565625 0.14285714285714285
0.6 0.490625 0.14285714285714285
0.5 0.44375 0.14285714285714285
0.4 0.3625 0.14285714285714285
0.3 0.28125 0.14285714285714285
0.2 0.23125 0.14285714285714285
0.1 0.1875 0.14285714285714285
0.0 0.146875 0.14285714285714285
