Elso_derivaltak_suly_1.2
2.0 0.9 0.15546218487394958
1.9 0.884375 0.15546218487394958
1.8 0.875 0.15546218487394958
1.7 0.871875 0.15546218487394958
1.6 0.85 0.15546218487394958
1.5 0.828125 0.15546218487394958
1.4 0.80625 0.15126050420168066
1.3 0.79375 0.15126050420168066
1.2 0.76875 0.15126050420168066
1.1 0.746875 0.15126050420168066
1.0 0.703125 0.15126050420168066
0.9 0.6625 0.14285714285714285
0.8 0.6125 0.14285714285714285
0.7 0.553125 0.14285714285714285
0.6 0.49375 0.14285714285714285
0.5 0.434375 0.14285714285714285
0.4 0.35625 0.14285714285714285
0.3 0.284375 0.14285714285714285
0.2 0.234375 0.14285714285714285
0.1 0.178125 0.14285714285714285
0.0 0.134375 0.14285714285714285
