Elso_derivaltak_suly_0.0
2.0 0.909375 0.2857142857142857
1.9 0.9 0.25630252100840334
1.8 0.890625 0.24789915966386555
1.7 0.8875 0.23949579831932774
1.6 0.8625 0.226890756302521
1.5 0.846875 0.21428571428571427
1.4 0.840625 0.20168067226890757
1.3 0.828125 0.20168067226890757
1.2 0.8125 0.20168067226890757
1.1 0.79375 0.19747899159663865
1.0 0.765625 0.19747899159663865
0.9 0.71875 0.18907563025210083
0.8 0.66875 0.18907563025210083
0.7 0.609375 0.18487394957983194
0.6 0.528125 0.18487394957983194
0.5 0.453125 0.17647058823529413
0.4 0.371875 0.1722689075630252
0.3 0.296875 0.16806722689075632
0.2 0.21875 0.15966386554621848
0.1 0.15 0.15546218487394958
0.0 0.1375 0.15126050420168066
