Elso_derivaltak_suly_0.9
2.0 0.89375 0.15546218487394958
1.9 0.88125 0.15546218487394958
1.8 0.86875 0.15546218487394958
1.7 0.85625 0.15546218487394958
1.6 0.840625 0.15126050420168066
1.5 0.83125 0.15126050420168066
1.4 0.815625 0.15126050420168066
1.3 0.796875 0.15126050420168066
1.2 0.771875 0.15126050420168066
1.1 0.746875 0.15126050420168066
1.0 0.7 0.15126050420168066
0.9 0.665625 0.15126050420168066
0.8 0.6125 0.14285714285714285
0.7 0.553125 0.14285714285714285
0.6 0.490625 0.14285714285714285
0.5 0.434375 0.14285714285714285
0.4 0.35625 0.14285714285714285
0.3 0.290625 0.14285714285714285
0.2 0.24375 0.14285714285714285
0.1 0.18125 0.14285714285714285
0.0 0.140625 0.14285714285714285
