Elso_derivaltak_suly_0.3
2.0 0.89375 0.15546218487394958
1.9 0.88125 0.15126050420168066
1.8 0.875 0.15126050420168066
1.7 0.853125 0.15126050420168066
1.6 0.84375 0.15126050420168066
1.5 0.83125 0.15126050420168066
1.4 0.803125 0.15126050420168066
1.3 0.79375 0.15126050420168066
1.2 0.76875 0.15126050420168066
1.1 0.75 0.15126050420168066
1.0 0.709375 0.15126050420168066
0.9 0.66875 0.14705882352941177
0.8 0.596875 0.14285714285714285
0.7 0.55625 0.14285714285714285
0.6 0.503125 0.14285714285714285
0.5 0.434375 0.14285714285714285
0.4 0.371875 0.14285714285714285
0.3 0.30625 0.14285714285714285
0.2 0.253125 0.14285714285714285
0.1 0.1875 0.14285714285714285
0.0 0.146875 0.14285714285714285
