Elso_derivaltak_suly_1.1
2.0 0.890625 0.15546218487394958
1.9 0.878125 0.15546218487394958
1.8 0.871875 0.15546218487394958
1.7 0.85625 0.15546218487394958
1.6 0.840625 0.15126050420168066
1.5 0.828125 0.15126050420168066
1.4 0.809375 0.15126050420168066
1.3 0.7875 0.15126050420168066
1.2 0.76875 0.15126050420168066
1.1 0.74375 0.15126050420168066
1.0 0.703125 0.15126050420168066
0.9 0.665625 0.14285714285714285
0.8 0.6125 0.14285714285714285
0.7 0.540625 0.14285714285714285
0.6 0.496875 0.14285714285714285
0.5 0.4375 0.14285714285714285
0.4 0.35 0.14285714285714285
0.3 0.278125 0.14285714285714285
0.2 0.228125 0.14285714285714285
0.1 0.175 0.14285714285714285
0.0 0.14375 0.14285714285714285
