Elso_derivaltak_suly_0.6
2.0 0.890625 0.15546218487394958
1.9 0.878125 0.15546218487394958
1.8 0.865625 0.15546218487394958
1.7 0.8625 0.15126050420168066
1.6 0.85 0.15126050420168066
1.5 0.825 0.15126050420168066
1.4 0.809375 0.15126050420168066
1.3 0.796875 0.15126050420168066
1.2 0.76875 0.15126050420168066
1.1 0.74375 0.15126050420168066
1.0 0.709375 0.15126050420168066
0.9 0.675 0.15126050420168066
0.8 0.6125 0.14705882352941177
0.7 0.55625 0.14285714285714285
0.6 0.490625 0.14285714285714285
0.5 0.428125 0.14285714285714285
0.4 0.359375 0.14285714285714285
0.3 0.3 0.14285714285714285
0.2 0.234375 0.14285714285714285
0.1 0.18125 0.14285714285714285
0.0 0.14375 0.14285714285714285
