Elso_derivalt_suly_0.1
2.0 0.096875 0.15966386554621848
1.9 0.10625 0.15126050420168066
1.8 0.128125 0.15126050420168066
1.7 0.146875 0.15126050420168066
1.6 0.153125 0.15126050420168066
1.5 0.1625 0.15126050420168066
1.4 0.175 0.15126050420168066
1.3 0.20625 0.15126050420168066
1.2 0.21875 0.15126050420168066
1.1 0.246875 0.15126050420168066
1.0 0.275 0.15126050420168066
0.9 0.321875 0.15126050420168066
0.8 0.378125 0.15126050420168066
0.7 0.43125 0.14285714285714285
0.6 0.4875 0.14285714285714285
0.5 0.55 0.14285714285714285
0.4 0.625 0.14285714285714285
0.3 0.696875 0.14285714285714285
0.2 0.746875 0.14285714285714285
0.1 0.803125 0.14285714285714285
0.0 0.853125 0.14285714285714285
