Elso_derivalt_suly_1.4
2.0 0.10625 0.15546218487394958
1.9 0.109375 0.15546218487394958
1.8 0.1125 0.15546218487394958
1.7 0.134375 0.15546218487394958
1.6 0.140625 0.15546218487394958
1.5 0.15625 0.15546218487394958
1.4 0.184375 0.15546218487394958
1.3 0.20625 0.15126050420168066
1.2 0.228125 0.15126050420168066
1.1 0.253125 0.15126050420168066
1.0 0.29375 0.15126050420168066
0.9 0.3375 0.14285714285714285
0.8 0.390625 0.14285714285714285
0.7 0.43125 0.14285714285714285
0.6 0.503125 0.14285714285714285
0.5 0.5625 0.14285714285714285
0.4 0.65 0.14285714285714285
0.3 0.728125 0.14285714285714285
0.2 0.76875 0.14285714285714285
0.1 0.8125 0.14285714285714285
0.0 0.8625 0.14285714285714285
