Elso_derivalt_suly_1.1
2.0 0.109375 0.15546218487394958
1.9 0.121875 0.15546218487394958
1.8 0.128125 0.15546218487394958
1.7 0.14375 0.15546218487394958
1.6 0.159375 0.15126050420168066
1.5 0.171875 0.15126050420168066
1.4 0.190625 0.15126050420168066
1.3 0.2125 0.15126050420168066
1.2 0.23125 0.15126050420168066
1.1 0.25625 0.15126050420168066
1.0 0.296875 0.15126050420168066
0.9 0.334375 0.14285714285714285
0.8 0.3875 0.14285714285714285
0.7 0.459375 0.14285714285714285
0.6 0.503125 0.14285714285714285
0.5 0.5625 0.14285714285714285
0.4 0.65 0.14285714285714285
0.3 0.721875 0.14285714285714285
0.2 0.771875 0.14285714285714285
0.1 0.825 0.14285714285714285
0.0 0.85625 0.14285714285714285
