Elso_derivalt_suly_1.3
2.0 0.103125 0.15546218487394958
1.9 0.109375 0.15546218487394958
1.8 0.125 0.15546218487394958
1.7 0.125 0.15546218487394958
1.6 0.140625 0.15546218487394958
1.5 0.165625 0.15546218487394958
1.4 0.184375 0.15126050420168066
1.3 0.196875 0.15126050420168066
1.2 0.228125 0.15126050420168066
1.1 0.2625 0.15126050420168066
1.0 0.3 0.15126050420168066
0.9 0.35 0.14285714285714285
0.8 0.396875 0.14285714285714285
0.7 0.440625 0.14285714285714285
0.6 0.503125 0.14285714285714285
0.5 0.571875 0.14285714285714285
0.4 0.653125 0.14285714285714285
0.3 0.728125 0.14285714285714285
0.2 0.7625 0.14285714285714285
0.1 0.815625 0.14285714285714285
0.0 0.85625 0.14285714285714285
