Elso_derivalt_suly_0.2
2.0 0.1 0.15546218487394958
1.9 0.1125 0.15546218487394958
1.8 0.128125 0.15126050420168066
1.7 0.15 0.15126050420168066
1.6 0.153125 0.15126050420168066
1.5 0.165625 0.15126050420168066
1.4 0.19375 0.15126050420168066
1.3 0.20625 0.15126050420168066
1.2 0.23125 0.15126050420168066
1.1 0.25 0.15126050420168066
1.0 0.28125 0.15126050420168066
0.9 0.328125 0.15126050420168066
0.8 0.378125 0.14285714285714285
0.7 0.44375 0.14285714285714285
0.6 0.5125 0.14285714285714285
0.5 0.55 0.14285714285714285
0.4 0.615625 0.14285714285714285
0.3 0.696875 0.14285714285714285
0.2 0.759375 0.14285714285714285
0.1 0.796875 0.14285714285714285
0.0 0.85 0.14285714285714285
