Elso_derivalt_suly_1.2
2.0 0.1 0.15546218487394958
1.9 0.115625 0.15546218487394958
1.8 0.125 0.15546218487394958
1.7 0.128125 0.15546218487394958
1.6 0.15 0.15546218487394958
1.5 0.171875 0.15546218487394958
1.4 0.19375 0.15126050420168066
1.3 0.20625 0.15126050420168066
1.2 0.23125 0.15126050420168066
1.1 0.253125 0.15126050420168066
1.0 0.296875 0.15126050420168066
0.9 0.3375 0.14285714285714285
0.8 0.3875 0.14285714285714285
0.7 0.446875 0.14285714285714285
0.6 0.50625 0.14285714285714285
0.5 0.565625 0.14285714285714285
0.4 0.64375 0.14285714285714285
0.3 0.715625 0.14285714285714285
0.2 0.765625 0.14285714285714285
0.1 0.821875 0.14285714285714285
0.0 0.865625 0.14285714285714285
