Elso_derivalt_suly_0.9
2.0 0.10625 0.15546218487394958
1.9 0.11875 0.15546218487394958
1.8 0.13125 0.15546218487394958
1.7 0.14375 0.15546218487394958
1.6 0.159375 0.15126050420168066
1.5 0.16875 0.15126050420168066
1.4 0.184375 0.15126050420168066
1.3 0.203125 0.15126050420168066
1.2 0.228125 0.15126050420168066
1.1 0.253125 0.15126050420168066
1.0 0.3 0.15126050420168066
0.9 0.334375 0.15126050420168066
0.8 0.3875 0.14285714285714285
0.7 0.446875 0.14285714285714285
0.6 0.509375 0.14285714285714285
0.5 0.565625 0.14285714285714285
0.4 0.64375 0.14285714285714285
0.3 0.709375 0.14285714285714285
0.2 0.75625 0.14285714285714285
0.1 0.81875 0.14285714285714285
0.0 0.859375 0.14285714285714285
