Elso_derivalt_suly_0.7
2.0 0.1125 0.15546218487394958
1.9 0.121875 0.15546218487394958
1.8 0.128125 0.15546218487394958
1.7 0.14375 0.15546218487394958
1.6 0.153125 0.15126050420168066
1.5 0.171875 0.15126050420168066
1.4 0.190625 0.15126050420168066
1.3 0.2 0.15126050420168066
1.2 0.221875 0.15126050420168066
1.1 0.246875 0.15126050420168066
1.0 0.290625 0.15126050420168066
0.9 0.3375 0.15126050420168066
0.8 0.3875 0.14285714285714285
0.7 0.434375 0.14285714285714285
0.6 0.49375 0.14285714285714285
0.5 0.56875 0.14285714285714285
0.4 0.628125 0.14285714285714285
0.3 0.70625 0.14285714285714285
0.2 0.75625 0.14285714285714285
0.1 0.825 0.14285714285714285
0.0 0.859375 0.14285714285714285
