Elso_derivalt_suly_1.5
2.0 0.103125 0.16806722689075632
1.9 0.109375 0.15966386554621848
1.8 0.1125 0.15966386554621848
1.7 0.121875 0.15546218487394958
1.6 0.128125 0.15546218487394958
1.5 0.15 0.15546218487394958
1.4 0.1625 0.15546218487394958
1.3 0.178125 0.15546218487394958
1.2 0.209375 0.15546218487394958
1.1 0.234375 0.15126050420168066
1.0 0.26875 0.15126050420168066
0.9 0.31875 0.15126050420168066
0.8 0.371875 0.14285714285714285
0.7 0.41875 0.14285714285714285
0.6 0.5 0.14285714285714285
0.5 0.565625 0.14285714285714285
0.4 0.646875 0.14285714285714285
0.3 0.721875 0.14285714285714285
0.2 0.7625 0.14285714285714285
0.1 0.809375 0.14285714285714285
0.0 0.8625 0.14285714285714285
