Elso_derivalt_suly_0.6
2.0 0.109375 0.15546218487394958
1.9 0.121875 0.15546218487394958
1.8 0.134375 0.15546218487394958
1.7 0.1375 0.15126050420168066
1.6 0.15 0.15126050420168066
1.5 0.175 0.15126050420168066
1.4 0.190625 0.15126050420168066
1.3 0.203125 0.15126050420168066
1.2 0.23125 0.15126050420168066
1.1 0.25625 0.15126050420168066
1.0 0.290625 0.15126050420168066
0.9 0.325 0.15126050420168066
0.8 0.3875 0.14705882352941177
0.7 0.44375 0.14285714285714285
0.6 0.509375 0.14285714285714285
0.5 0.571875 0.14285714285714285
0.4 0.640625 0.14285714285714285
0.3 0.7 0.14285714285714285
0.2 0.765625 0.14285714285714285
0.1 0.81875 0.14285714285714285
0.0 0.85625 0.14285714285714285
