Elso_derivalt_suly_0.8
2.0 0.89375 0.15546218487394958
1.9 0.88125 0.15546218487394958
1.8 0.86875 0.15546218487394958
1.7 0.859375 0.15546218487394958
1.6 0.85 0.15126050420168066
1.5 0.83125 0.15126050420168066
1.4 0.815625 0.15126050420168066
1.3 0.8 0.15126050420168066
1.2 0.771875 0.15126050420168066
1.1 0.74375 0.15126050420168066
1.0 0.709375 0.15126050420168066
0.9 0.66875 0.15126050420168066
0.8 0.61875 0.14285714285714285
0.7 0.559375 0.14285714285714285
0.6 0.4875 0.14285714285714285
0.5 0.434375 0.14285714285714285
0.4 0.353125 0.14285714285714285
0.3 0.290625 0.14285714285714285
0.2 0.240625 0.14285714285714285
0.1 0.18125 0.14285714285714285
0.0 0.140625 0.14285714285714285
