Elso_derivalt_suly_1.4
2.0 0.89375 0.15546218487394958
1.9 0.890625 0.15546218487394958
1.8 0.8875 0.15546218487394958
1.7 0.865625 0.15546218487394958
1.6 0.859375 0.15546218487394958
1.5 0.84375 0.15546218487394958
1.4 0.815625 0.15546218487394958
1.3 0.79375 0.15126050420168066
1.2 0.771875 0.15126050420168066
1.1 0.746875 0.15126050420168066
1.0 0.70625 0.15126050420168066
0.9 0.6625 0.14285714285714285
0.8 0.609375 0.14285714285714285
0.7 0.56875 0.14285714285714285
0.6 0.496875 0.14285714285714285
0.5 0.4375 0.14285714285714285
0.4 0.35 0.14285714285714285
0.3 0.271875 0.14285714285714285
0.2 0.23125 0.14285714285714285
0.1 0.1875 0.14285714285714285
0.0 0.1375 0.14285714285714285
