Elso_derivalt_suly_1.5
2.0 0.896875 0.16806722689075632
1.9 0.890625 0.15966386554621848
1.8 0.8875 0.15966386554621848
1.7 0.878125 0.15546218487394958
1.6 0.871875 0.15546218487394958
1.5 0.85 0.15546218487394958
1.4 0.8375 0.15546218487394958
1.3 0.821875 0.15546218487394958
1.2 0.790625 0.15546218487394958
1.1 0.765625 0.15126050420168066
1.0 0.73125 0.15126050420168066
0.9 0.68125 0.15126050420168066
0.8 0.628125 0.14285714285714285
0.7 0.58125 0.14285714285714285
0.6 0.5 0.14285714285714285
0.5 0.434375 0.14285714285714285
0.4 0.353125 0.14285714285714285
0.3 0.278125 0.14285714285714285
0.2 0.2375 0.14285714285714285
0.1 0.190625 0.14285714285714285
0.0 0.1375 0.14285714285714285
