Elso_derivalt_suly_0.7
2.0 0.8875 0.15546218487394958
1.9 0.878125 0.15546218487394958
1.8 0.871875 0.15546218487394958
1.7 0.85625 0.15546218487394958
1.6 0.846875 0.15126050420168066
1.5 0.828125 0.15126050420168066
1.4 0.809375 0.15126050420168066
1.3 0.8 0.15126050420168066
1.2 0.778125 0.15126050420168066
1.1 0.753125 0.15126050420168066
1.0 0.709375 0.15126050420168066
0.9 0.6625 0.15126050420168066
0.8 0.6125 0.14285714285714285
0.7 0.565625 0.14285714285714285
0.6 0.50625 0.14285714285714285
0.5 0.43125 0.14285714285714285
0.4 0.371875 0.14285714285714285
0.3 0.29375 0.14285714285714285
0.2 0.24375 0.14285714285714285
0.1 0.175 0.14285714285714285
0.0 0.140625 0.14285714285714285
