Elso_derivalt_suly_1.0
2.0 0.89375 0.15546218487394958
1.9 0.884375 0.15546218487394958
1.8 0.871875 0.15546218487394958
1.7 0.85 0.15546218487394958
1.6 0.840625 0.15126050420168066
1.5 0.83125 0.15126050420168066
1.4 0.81875 0.15126050420168066
1.3 0.79375 0.15126050420168066
1.2 0.771875 0.15126050420168066
1.1 0.75625 0.15126050420168066
1.0 0.696875 0.15126050420168066
0.9 0.6625 0.14705882352941177
0.8 0.61875 0.14285714285714285
0.7 0.55 0.14285714285714285
0.6 0.49375 0.14285714285714285
0.5 0.428125 0.14285714285714285
0.4 0.35 0.14285714285714285
0.3 0.2875 0.14285714285714285
0.2 0.240625 0.14285714285714285
0.1 0.184375 0.14285714285714285
0.0 0.14375 0.14285714285714285
