Elso_derivalt_suly_0.2
2.0 0.9 0.15546218487394958
1.9 0.8875 0.15546218487394958
1.8 0.871875 0.15126050420168066
1.7 0.85 0.15126050420168066
1.6 0.846875 0.15126050420168066
1.5 0.834375 0.15126050420168066
1.4 0.80625 0.15126050420168066
1.3 0.79375 0.15126050420168066
1.2 0.76875 0.15126050420168066
1.1 0.75 0.15126050420168066
1.0 0.71875 0.15126050420168066
0.9 0.671875 0.15126050420168066
0.8 0.621875 0.14285714285714285
0.7 0.55625 0.14285714285714285
0.6 0.4875 0.14285714285714285
0.5 0.45 0.14285714285714285
0.4 0.384375 0.14285714285714285
0.3 0.303125 0.14285714285714285
0.2 0.240625 0.14285714285714285
0.1 0.203125 0.14285714285714285
0.0 0.15 0.14285714285714285
