Elso_derivalt_suly_1.3
2.0 0.896875 0.15546218487394958
1.9 0.890625 0.15546218487394958
1.8 0.875 0.15546218487394958
1.7 0.875 0.15546218487394958
1.6 0.859375 0.15546218487394958
1.5 0.834375 0.15546218487394958
1.4 0.815625 0.15126050420168066
1.3 0.803125 0.15126050420168066
1.2 0.771875 0.15126050420168066
1.1 0.7375 0.15126050420168066
1.0 0.7 0.15126050420168066
0.9 0.65 0.14285714285714285
0.8 0.603125 0.14285714285714285
0.7 0.559375 0.14285714285714285
0.6 0.496875 0.14285714285714285
0.5 0.428125 0.14285714285714285
0.4 0.346875 0.14285714285714285
0.3 0.271875 0.14285714285714285
0.2 0.2375 0.14285714285714285
0.1 0.184375 0.14285714285714285
0.0 0.14375 0.14285714285714285
