Elso_derivalt_suly_0.0
2.0 0.909375 0.2857142857142857
1.9 0.9 0.2605042016806723
1.8 0.890625 0.24369747899159663
1.7 0.875 0.23949579831932774
1.6 0.8625 0.23109243697478993
1.5 0.846875 0.2184873949579832
1.4 0.840625 0.20588235294117646
1.3 0.825 0.20168067226890757
1.2 0.8125 0.20168067226890757
1.1 0.790625 0.19747899159663865
1.0 0.7625 0.19327731092436976
0.9 0.715625 0.18907563025210083
0.8 0.665625 0.18907563025210083
0.7 0.60625 0.18487394957983194
0.6 0.525 0.18487394957983194
0.5 0.453125 0.17647058823529413
0.4 0.36875 0.17647058823529413
0.3 0.296875 0.16806722689075632
0.2 0.2125 0.15966386554621848
0.1 0.159375 0.15546218487394958
0.0 0.1375 0.15126050420168066
